# transform file transforms/talairach_with_skull.lta
# created by shad on Thu Jul  6 19:40:03 2017

type      = 0 # LINEAR_VOX_TO_VOX
nxforms   = 1
mean      = 124.0000 149.0000 148.0000
sigma     = 10000.0000
1 4 4
1.140255928039551e+00 -1.561224274337292e-02 1.346199512481689e-01 -3.442797470092773e+01 
7.621281780302525e-03 1.019788980484009e+00 2.308146804571152e-01 -3.545555496215820e+01 
-1.115456447005272e-01 -2.179725021123886e-01 9.720247983932495e-01 1.451851272583008e+01 
0.000000000000000e+00 0.000000000000000e+00 0.000000000000000e+00 1.000000000000000e+00 
src volume info
valid = 1  # volume info valid
filename = nu.mgz
volume = 256 256 256
voxelsize = 1.000000000000000e+00 1.000000000000000e+00 1.000000000000000e+00
xras   = -1.000000000000000e+00 0.000000000000000e+00 0.000000000000000e+00
yras   = 0.000000000000000e+00 0.000000000000000e+00 -1.000000000000000e+00
zras   = 0.000000000000000e+00 1.000000000000000e+00 0.000000000000000e+00
cras   = -2.318443298339844e+00 1.219086456298828e+01 -2.832786560058594e+00
dst volume info
valid = 1  # volume info valid
filename = /Volumes/CFMI-CFS/opt/fs6/average/RB_all_withskull_2016-05-10.vc700.gca
volume = 256 256 256
voxelsize = 1.000000000000000e+00 1.000000000000000e+00 1.000000000000000e+00
xras   = -1.000000000000000e+00 0.000000000000000e+00 0.000000000000000e+00
yras   = 0.000000000000000e+00 0.000000000000000e+00 -1.000000000000000e+00
zras   = 0.000000000000000e+00 1.000000000000000e+00 0.000000000000000e+00
cras   = 0.000000000000000e+00 0.000000000000000e+00 0.000000000000000e+00
