# transform file transforms/talairach.lta
# created by shad on Thu Jul  6 19:59:30 2017

type      = 0 # LINEAR_VOX_TO_VOX
nxforms   = 1
mean      = 126.0000 113.0000 116.0000
sigma     = 10000.0000
1 4 4
9.866124987602234e-01 1.170853972434998e-01 7.781461626291275e-02 -1.982243728637695e+01 
-1.214783042669296e-01 1.012345790863037e+00 2.576144039630890e-02 1.966934013366699e+01 
-7.905471324920654e-02 -3.542999178171158e-02 1.016664505004883e+00 7.200822830200195e+00 
0.000000000000000e+00 0.000000000000000e+00 0.000000000000000e+00 1.000000000000000e+00 
src volume info
valid = 1  # volume info valid
filename = nu.mgz
volume = 256 256 256
voxelsize = 1.000000000000000e+00 1.000000000000000e+00 1.000000000000000e+00
xras   = -1.000000000000000e+00 0.000000000000000e+00 0.000000000000000e+00
yras   = 0.000000000000000e+00 0.000000000000000e+00 -1.000000000000000e+00
zras   = 0.000000000000000e+00 1.000000000000000e+00 0.000000000000000e+00
cras   = 6.979377746582031e+00 4.008433532714844e+01 -1.593078613281250e+00
dst volume info
valid = 1  # volume info valid
filename = /Volumes/CFMI-CFS/opt/fs6/average/RB_all_2016-05-10.vc700.gca
volume = 256 256 256
voxelsize = 1.000000000000000e+00 1.000000000000000e+00 1.000000000000000e+00
xras   = -1.000000000000000e+00 0.000000000000000e+00 0.000000000000000e+00
yras   = 0.000000000000000e+00 0.000000000000000e+00 -1.000000000000000e+00
zras   = 0.000000000000000e+00 1.000000000000000e+00 0.000000000000000e+00
cras   = 0.000000000000000e+00 0.000000000000000e+00 0.000000000000000e+00
