# transform file transforms/talairach_with_skull.lta
# created by shad on Thu Jul  6 19:44:57 2017

type      = 0 # LINEAR_VOX_TO_VOX
nxforms   = 1
mean      = 124.0000 142.0000 125.0000
sigma     = 10000.0000
1 4 4
1.014271259307861e+00 1.619771569967270e-01 1.504759341478348e-01 -3.862654876708984e+01 
-1.870026290416718e-01 1.172152876853943e+00 3.386646881699562e-02 1.009028625488281e+01 
-1.823294460773468e-01 -5.980306863784790e-02 1.042695164680481e+00 2.120394325256348e+01 
0.000000000000000e+00 0.000000000000000e+00 0.000000000000000e+00 1.000000000000000e+00 
src volume info
valid = 1  # volume info valid
filename = nu.mgz
volume = 256 256 256
voxelsize = 1.000000000000000e+00 1.000000000000000e+00 1.000000000000000e+00
xras   = -1.000000000000000e+00 0.000000000000000e+00 0.000000000000000e+00
yras   = 0.000000000000000e+00 0.000000000000000e+00 -1.000000000000000e+00
zras   = 0.000000000000000e+00 1.000000000000000e+00 0.000000000000000e+00
cras   = 6.979377746582031e+00 4.008433532714844e+01 -1.593078613281250e+00
dst volume info
valid = 1  # volume info valid
filename = /Volumes/CFMI-CFS/opt/fs6/average/RB_all_withskull_2016-05-10.vc700.gca
volume = 256 256 256
voxelsize = 1.000000000000000e+00 1.000000000000000e+00 1.000000000000000e+00
xras   = -1.000000000000000e+00 0.000000000000000e+00 0.000000000000000e+00
yras   = 0.000000000000000e+00 0.000000000000000e+00 -1.000000000000000e+00
zras   = 0.000000000000000e+00 1.000000000000000e+00 0.000000000000000e+00
cras   = 0.000000000000000e+00 0.000000000000000e+00 0.000000000000000e+00
