# transform file transforms/talairach_with_skull.lta
# created by shad on Thu Jul  6 19:54:17 2017

type      = 0 # LINEAR_VOX_TO_VOX
nxforms   = 1
mean      = 123.0000 144.0000 121.0000
sigma     = 10000.0000
1 4 4
1.048779606819153e+00 7.382556051015854e-02 3.842701762914658e-02 -1.713421249389648e+01 
-7.305994629859924e-02 1.279940962791443e+00 3.787904083728790e-01 -4.927836227416992e+01 
-1.918484643101692e-02 -2.797476053237915e-01 9.732875823974609e-01 4.438001251220703e+01 
0.000000000000000e+00 0.000000000000000e+00 0.000000000000000e+00 1.000000000000000e+00 
src volume info
valid = 1  # volume info valid
filename = nu.mgz
volume = 256 256 256
voxelsize = 1.000000000000000e+00 1.000000000000000e+00 1.000000000000000e+00
xras   = -1.000000000000000e+00 0.000000000000000e+00 0.000000000000000e+00
yras   = 0.000000000000000e+00 0.000000000000000e+00 -1.000000000000000e+00
zras   = 0.000000000000000e+00 1.000000000000000e+00 0.000000000000000e+00
cras   = -9.756698608398438e+00 4.628288269042969e+01 -1.593078613281250e+00
dst volume info
valid = 1  # volume info valid
filename = /Volumes/CFMI-CFS/opt/fs6/average/RB_all_withskull_2016-05-10.vc700.gca
volume = 256 256 256
voxelsize = 1.000000000000000e+00 1.000000000000000e+00 1.000000000000000e+00
xras   = -1.000000000000000e+00 0.000000000000000e+00 0.000000000000000e+00
yras   = 0.000000000000000e+00 0.000000000000000e+00 -1.000000000000000e+00
zras   = 0.000000000000000e+00 1.000000000000000e+00 0.000000000000000e+00
cras   = 0.000000000000000e+00 0.000000000000000e+00 0.000000000000000e+00
