# transform file transforms/talairach_with_skull.lta
# created by shad on Thu Jul  6 19:25:54 2017

type      = 0 # LINEAR_VOX_TO_VOX
nxforms   = 1
mean      = 123.0000 135.0000 127.0000
sigma     = 10000.0000
1 4 4
1.056558251380920e+00 -1.120206505333954e-08 -9.335053841041940e-10 -1.211494922637939e+00 
7.450331462877102e-09 1.039416670799255e+00 2.697504758834839e-01 -7.610371589660645e+00 
6.095424165408758e-11 -2.592077851295471e-01 1.001320362091064e+00 4.080032730102539e+01 
0.000000000000000e+00 0.000000000000000e+00 0.000000000000000e+00 1.000000000000000e+00 
src volume info
valid = 1  # volume info valid
filename = nu.mgz
volume = 256 256 256
voxelsize = 1.000000000000000e+00 1.000000000000000e+00 1.000000000000000e+00
xras   = -1.000000000000000e+00 0.000000000000000e+00 0.000000000000000e+00
yras   = 0.000000000000000e+00 0.000000000000000e+00 -1.000000000000000e+00
zras   = 0.000000000000000e+00 1.000000000000000e+00 0.000000000000000e+00
cras   = -2.318443298339844e+00 5.496084594726562e+01 -7.171798706054688e+00
dst volume info
valid = 1  # volume info valid
filename = /Volumes/CFMI-CFS/opt/fs6/average/RB_all_withskull_2016-05-10.vc700.gca
volume = 256 256 256
voxelsize = 1.000000000000000e+00 1.000000000000000e+00 1.000000000000000e+00
xras   = -1.000000000000000e+00 0.000000000000000e+00 0.000000000000000e+00
yras   = 0.000000000000000e+00 0.000000000000000e+00 -1.000000000000000e+00
zras   = 0.000000000000000e+00 1.000000000000000e+00 0.000000000000000e+00
cras   = 0.000000000000000e+00 0.000000000000000e+00 0.000000000000000e+00
