# transform file transforms/talairach.lta
# created by shad on Thu Jul  6 19:35:52 2017

type      = 0 # LINEAR_VOX_TO_VOX
nxforms   = 1
mean      = 121.0000 102.0000 98.0000
sigma     = 10000.0000
1 4 4
9.929870367050171e-01 -1.187805980443954e-01 8.849645964801311e-03 1.689709091186523e+01 
1.185780689120293e-01 1.009563565254211e+00 2.113150656223297e-01 -1.543002891540527e+01 
-3.700587898492813e-02 -2.083616256713867e-01 9.556547999382019e-01 4.406152725219727e+01 
0.000000000000000e+00 0.000000000000000e+00 0.000000000000000e+00 1.000000000000000e+00 
src volume info
valid = 1  # volume info valid
filename = nu.mgz
volume = 256 256 256
voxelsize = 1.000000000000000e+00 1.000000000000000e+00 1.000000000000000e+00
xras   = -1.000000000000000e+00 0.000000000000000e+00 0.000000000000000e+00
yras   = 0.000000000000000e+00 0.000000000000000e+00 -1.000000000000000e+00
zras   = 0.000000000000000e+00 1.000000000000000e+00 0.000000000000000e+00
cras   = -2.318443298339844e+00 5.496084594726562e+01 -7.171798706054688e+00
dst volume info
valid = 1  # volume info valid
filename = /Volumes/CFMI-CFS/opt/fs6/average/RB_all_2016-05-10.vc700.gca
volume = 256 256 256
voxelsize = 1.000000000000000e+00 1.000000000000000e+00 1.000000000000000e+00
xras   = -1.000000000000000e+00 0.000000000000000e+00 0.000000000000000e+00
yras   = 0.000000000000000e+00 0.000000000000000e+00 -1.000000000000000e+00
zras   = 0.000000000000000e+00 1.000000000000000e+00 0.000000000000000e+00
cras   = 0.000000000000000e+00 0.000000000000000e+00 0.000000000000000e+00
